1 0.173418 0.198101 0.048945 0.150633
1 0.229536 0.187342 0.059916 0.151899
1 0.295781 0.176582 0.067511 0.153165
1 0.373418 0.172785 0.069198 0.163291
1 0.444304 0.168354 0.072574 0.151899
1 0.519831 0.168987 0.070042 0.135443
1 0.583966 0.177848 0.061603 0.145570
1 0.721519 0.172785 0.068354 0.143038
1 0.856540 0.230380 0.071730 0.136709
1 0.795359 0.173418 0.052321 0.151899
1 0.904219 0.653797 0.072574 0.160759
1 0.820675 0.530380 0.092827 0.118987
1 0.568354 0.529114 0.097890 0.106329
1 0.831224 0.674051 0.063291 0.150633
1 0.760759 0.692405 0.064135 0.159494
1 0.683544 0.655696 0.063291 0.154430
1 0.611392 0.689241 0.070886 0.168354
1 0.541350 0.694304 0.065823 0.165823
1 0.468354 0.693038 0.071730 0.168354
1 0.398734 0.684177 0.064135 0.163291
1 0.322785 0.679114 0.069198 0.165823
1 0.249789 0.651899 0.073418 0.164557
1 0.166667 0.660127 0.060759 0.148101