0 0.194093 0.132911 0.051477 0.096203
0 0.251899 0.118354 0.059072 0.082278
0 0.324051 0.106329 0.068354 0.081013
0 0.393671 0.101899 0.074262 0.089873
0 0.462447 0.105063 0.075105 0.088608
0 0.379747 0.519620 0.044726 0.107595
0 0.186076 0.607595 0.067511 0.106329
0 0.262025 0.590506 0.086076 0.089873
0 0.340506 0.606962 0.067511 0.079747
0 0.414346 0.620886 0.068354 0.097468
0 0.490717 0.624051 0.062447 0.078481
0 0.558650 0.624684 0.070042 0.087342
0 0.868354 0.530380 0.041350 0.108861
0 0.924051 0.608861 0.071730 0.081013
1 0.583966 0.505696 0.097046 0.120253
1 0.635021 0.664557 0.065823 0.177215
1 0.706329 0.679114 0.061603 0.158228
1 0.780591 0.671519 0.066667 0.168354
1 0.540928 0.144304 0.066667 0.144304
1 0.606751 0.153165 0.068354 0.149367
1 0.675949 0.160759 0.073418 0.156962
1 0.747257 0.164557 0.074262 0.159494
1 0.816034 0.166456 0.070042 0.160759
1 0.886498 0.200633 0.070886 0.155696