0 0.186277 0.469620 0.050921 0.073418
0 0.251870 0.443671 0.056099 0.067089
0 0.319189 0.439241 0.057825 0.058228
0 0.384350 0.433544 0.060414 0.074684
0 0.449511 0.431646 0.064730 0.075949
0 0.512946 0.431646 0.063867 0.073418
0 0.581559 0.427215 0.057825 0.069620
0 0.643268 0.424051 0.053510 0.070886
0 0.708429 0.425949 0.059551 0.079747
0 0.768412 0.435443 0.062140 0.078481
0 0.837457 0.428481 0.037975 0.077215
0 0.204402 0.882911 0.057825 0.041772
0 0.736047 0.897468 0.064730 0.075949
0 0.798188 0.887342 0.064730 0.075949
0 0.863349 0.862658 0.055236 0.087342
0 0.256185 0.538608 0.037112 0.110127
0 0.465909 0.532911 0.038838 0.108861
0 0.679085 0.520886 0.033659 0.117722