0 0.188186 0.151266 0.056540 0.097468
0 0.243882 0.137342 0.058228 0.072152
0 0.310970 0.115823 0.069198 0.072152
0 0.383544 0.104430 0.070886 0.079747
0 0.452321 0.106962 0.066667 0.082278
0 0.380591 0.528481 0.044726 0.102532
0 0.262869 0.597468 0.086076 0.093671
0 0.188608 0.630380 0.060759 0.075949
0 0.343460 0.621519 0.070042 0.075949
0 0.420675 0.624051 0.072574 0.075949
0 0.493671 0.621519 0.073418 0.088608
0 0.560759 0.620886 0.060759 0.089873
0 0.868354 0.500633 0.043038 0.105063
0 0.924051 0.575316 0.071730 0.079747
1 0.533333 0.139241 0.066667 0.144304
1 0.597468 0.137975 0.066667 0.151899
1 0.664979 0.139873 0.070042 0.148101
1 0.738397 0.137342 0.071730 0.148101
1 0.805907 0.141139 0.068354 0.153165
1 0.872574 0.165823 0.066667 0.149367
1 0.586498 0.500633 0.107173 0.107595
1 0.854430 0.641139 0.065823 0.150633
1 0.779325 0.646835 0.074262 0.146835
1 0.711392 0.652532 0.071730 0.160759
1 0.639241 0.648734 0.072574 0.165823