0 0.152321 0.164557 0.062447 0.065823
0 0.221519 0.145570 0.069198 0.058228
0 0.293249 0.138608 0.067511 0.077215
0 0.366667 0.131013 0.065823 0.062025
0 0.440506 0.115823 0.063291 0.069620
0 0.513080 0.110127 0.066667 0.068354
0 0.591139 0.100633 0.065823 0.082278
0 0.662869 0.110759 0.067511 0.069620
0 0.730380 0.099367 0.062447 0.064557
0 0.801688 0.093671 0.063291 0.063291
0 0.869198 0.134810 0.061603 0.069620
0 0.859916 0.432278 0.029536 0.130380
0 0.597468 0.518354 0.044726 0.120253
0 0.376793 0.534177 0.032068 0.121519
0 0.160338 0.668354 0.058228 0.055696
0 0.248523 0.651266 0.074262 0.051899
0 0.324051 0.634177 0.071730 0.058228
0 0.404641 0.644937 0.074262 0.064557
0 0.477637 0.654430 0.063291 0.058228
0 0.545992 0.646203 0.068354 0.064557
0 0.620253 0.640506 0.071730 0.063291
0 0.697468 0.581013 0.070886 0.058228
0 0.848523 0.567722 0.072574 0.062025
0 0.916034 0.570886 0.065823 0.068354
1 0.773418 0.622785 0.070886 0.167089