0 0.263953 0.577848 0.049194 0.105063
0 0.490075 0.529747 0.059551 0.122785
0 0.725690 0.514557 0.050921 0.122785
1 0.178078 0.212025 0.081128 0.127848
1 0.250144 0.212025 0.071634 0.125316
1 0.319620 0.194304 0.075949 0.127848
1 0.079258 0.263924 0.052647 0.145570
1 0.119822 0.236076 0.040564 0.148101
1 0.392980 0.168354 0.074223 0.139241
1 0.698504 0.150000 0.070771 0.140506
1 0.771433 0.196835 0.075086 0.150633
1 0.816743 0.584810 0.077675 0.159494
1 0.749856 0.656962 0.071634 0.154430
1 0.674338 0.666456 0.075949 0.158228
1 0.600115 0.680380 0.065593 0.173418
1 0.522871 0.684177 0.081991 0.158228
1 0.449079 0.693038 0.070771 0.160759
1 0.380898 0.706962 0.075949 0.173418
1 0.312284 0.710759 0.064730 0.170886
1 0.240650 0.706962 0.063003 0.160759
1 0.175489 0.704430 0.074223 0.155696
1 0.083573 0.722152 0.071634 0.153165