0 0.157806 0.170253 0.071730 0.046835
0 0.227004 0.153165 0.063291 0.048101
0 0.291983 0.143038 0.070042 0.063291
0 0.366245 0.127215 0.068354 0.056962
0 0.441350 0.116456 0.068354 0.065823
0 0.510127 0.106962 0.067511 0.064557
0 0.591561 0.104430 0.076793 0.056962
0 0.667511 0.112025 0.063291 0.059494
0 0.730380 0.101899 0.077637 0.059494
0 0.800000 0.098734 0.066667 0.055696
0 0.855696 0.434177 0.043038 0.129114
0 0.599156 0.517089 0.046414 0.120253
0 0.376371 0.534810 0.039662 0.112658
0 0.160759 0.667722 0.081013 0.056962
0 0.247257 0.650633 0.073418 0.053165
0 0.327004 0.641772 0.074262 0.055696
0 0.400000 0.641139 0.076793 0.067089
0 0.475105 0.655696 0.075105 0.060759
0 0.547679 0.644304 0.073418 0.060759
0 0.621941 0.632911 0.076793 0.063291
0 0.691561 0.581013 0.065823 0.065823
0 0.772574 0.591139 0.075949 0.073418
0 0.845148 0.570253 0.072574 0.062025
0 0.917300 0.575316 0.071730 0.062025
1 0.874684 0.167722 0.077637 0.150633