0 0.337313 0.405063 0.063003 0.075949
0 0.399453 0.378481 0.063003 0.070886
0 0.467635 0.375316 0.063003 0.064557
0 0.534954 0.368354 0.071634 0.073418
0 0.596231 0.371519 0.063003 0.064557
0 0.660961 0.366456 0.049194 0.067089
0 0.725259 0.353165 0.060414 0.065823
0 0.787399 0.354430 0.055236 0.073418
0 0.845656 0.358228 0.057825 0.081013
0 0.914269 0.368987 0.062140 0.069620
0 0.974684 0.355696 0.048331 0.075949
0 0.620397 0.460127 0.045742 0.107595
0 0.402043 0.474051 0.044016 0.107595
0 0.822785 0.437342 0.044879 0.117722
0 0.348533 0.824051 0.059551 0.060759
0 0.887083 0.810759 0.063003 0.059494
0 0.945771 0.806329 0.057825 0.070886