0 0.154008 0.170253 0.060759 0.054430
0 0.301688 0.150000 0.069198 0.059494
0 0.367932 0.132911 0.073418 0.055696
0 0.446835 0.127215 0.067511 0.054430
0 0.517722 0.122785 0.062447 0.045570
0 0.586920 0.115190 0.072574 0.048101
0 0.655274 0.117089 0.065823 0.051899
0 0.723629 0.113291 0.069198 0.054430
0 0.797468 0.101266 0.063291 0.055696
0 0.870042 0.146835 0.064979 0.060759
0 0.851477 0.447468 0.031224 0.130380
0 0.595359 0.526582 0.035443 0.124051
0 0.367511 0.539241 0.033755 0.118987
0 0.395359 0.641772 0.070886 0.053165
0 0.320253 0.643038 0.072574 0.058228
0 0.245992 0.653165 0.067511 0.065823
0 0.155696 0.674051 0.070886 0.064557
0 0.465823 0.661392 0.075105 0.054430
0 0.543882 0.653797 0.065823 0.059494
0 0.618987 0.642405 0.070886 0.059494
0 0.692405 0.589241 0.074262 0.059494
0 0.768354 0.591139 0.072574 0.073418
0 0.840928 0.578481 0.062447 0.055696
0 0.913502 0.585443 0.070886 0.064557
1 0.227848 0.183544 0.066667 0.149367