0 0.191456 0.455696 0.061277 0.070886
0 0.254891 0.437975 0.055236 0.073418
0 0.318757 0.427848 0.060414 0.073418
0 0.383487 0.423418 0.067319 0.079747
0 0.450806 0.431646 0.058688 0.086076
0 0.516830 0.429747 0.064730 0.082278
0 0.577244 0.414557 0.063003 0.074684
0 0.644563 0.413924 0.056099 0.086076
0 0.711018 0.413924 0.056099 0.088608
0 0.771864 0.434810 0.058688 0.089873
0 0.843498 0.422152 0.046605 0.074684
0 0.861191 0.853797 0.059551 0.074684
0 0.806387 0.878481 0.053510 0.083544
0 0.737773 0.884177 0.057825 0.077215
0 0.415852 0.918354 0.050921 0.059494
0 0.207854 0.875949 0.061277 0.058228
0 0.278193 0.894937 0.053510 0.058228
0 0.477560 0.917722 0.053510 0.055696
0 0.254891 0.531646 0.039701 0.103797
0 0.465046 0.532278 0.042290 0.122785
0 0.681243 0.510127 0.048331 0.113924