0 0.153165 0.170253 0.064135 0.059494
0 0.227848 0.144937 0.064979 0.054430
0 0.295781 0.141139 0.062447 0.067089
0 0.367932 0.127215 0.070042 0.059494
0 0.441350 0.117722 0.068354 0.063291
0 0.513080 0.108861 0.070042 0.070886
0 0.591983 0.104430 0.062447 0.064557
0 0.663713 0.108228 0.067511 0.056962
0 0.729536 0.100633 0.074262 0.054430
0 0.802532 0.096203 0.064979 0.063291
0 0.870886 0.137342 0.066667 0.062025
0 0.857806 0.430380 0.040506 0.124051
0 0.598312 0.514557 0.043038 0.122785
0 0.380169 0.529114 0.040506 0.118987
0 0.404219 0.644304 0.071730 0.055696
0 0.325738 0.631646 0.064979 0.070886
0 0.250633 0.644304 0.071730 0.063291
0 0.162025 0.666456 0.066667 0.054430
0 0.478481 0.642405 0.064979 0.069620
0 0.548101 0.638608 0.065823 0.056962
0 0.699156 0.582911 0.070886 0.069620
0 0.774262 0.588608 0.072574 0.070886
0 0.845992 0.566456 0.065823 0.059494
0 0.916034 0.577215 0.074262 0.068354
1 0.620253 0.672152 0.078481 0.169620