1 0.172152 0.197468 0.048101 0.151899
1 0.228692 0.189873 0.061603 0.151899
1 0.298734 0.181013 0.078481 0.146835
1 0.374262 0.179747 0.069198 0.134177
1 0.447679 0.175949 0.067511 0.134177
1 0.519409 0.172152 0.069198 0.131646
1 0.583544 0.171519 0.059072 0.150633
1 0.656118 0.183544 0.070886 0.151899
1 0.724473 0.193671 0.070886 0.136709
1 0.794515 0.189241 0.064135 0.155696
1 0.864979 0.221519 0.073418 0.164557
1 0.563713 0.536076 0.107173 0.120253
1 0.336287 0.554430 0.092827 0.106329
1 0.826582 0.556329 0.104641 0.120253
1 0.905063 0.660759 0.064135 0.162025
1 0.832068 0.689873 0.070042 0.149367
1 0.761603 0.698101 0.074262 0.150633
1 0.686498 0.700633 0.072574 0.148101
1 0.612658 0.693671 0.075105 0.154430
1 0.541772 0.691772 0.066667 0.165823
1 0.472574 0.700633 0.063291 0.165823
1 0.399578 0.686076 0.064135 0.177215
1 0.323629 0.686076 0.067511 0.177215
1 0.245148 0.651899 0.067511 0.172152
1 0.165823 0.665823 0.070886 0.151899