0 0.184120 0.341139 0.055236 0.072152
0 0.241945 0.343038 0.048331 0.073418
0 0.309695 0.358228 0.059551 0.078481
0 0.372699 0.379747 0.052647 0.075949
0 0.436997 0.406329 0.056962 0.078481
0 0.501726 0.430380 0.053510 0.081013
0 0.563435 0.432911 0.049194 0.075949
0 0.629891 0.460759 0.064730 0.078481
0 0.688147 0.487975 0.048331 0.084810
0 0.752014 0.526582 0.053510 0.081013
0 0.833573 0.534810 0.061277 0.072152
0 0.789125 0.968354 0.048331 0.053165
0 0.727417 0.961392 0.052647 0.064557
0 0.661392 0.950000 0.056962 0.064557
0 0.601841 0.925949 0.053510 0.044304
0 0.151755 0.750000 0.064730 0.062025
0 0.647152 0.555063 0.028481 0.100000
0 0.441312 0.503797 0.022440 0.108861
0 0.236335 0.434810 0.038838 0.102532