0 0.143124 0.581646 0.071634 0.072152
0 0.205265 0.543038 0.073360 0.075949
0 0.263521 0.520253 0.077675 0.070886
0 0.326956 0.492405 0.078539 0.055696
0 0.391254 0.470253 0.077675 0.082278
0 0.454258 0.443671 0.075949 0.067089
0 0.519850 0.419620 0.086306 0.087342
0 0.588464 0.387342 0.069908 0.063291
0 0.649310 0.375316 0.069045 0.084810
0 0.714471 0.367722 0.068182 0.077215
0 0.782652 0.327848 0.057825 0.075949
0 0.849971 0.750633 0.075086 0.088608
0 0.792578 0.784810 0.063867 0.070886
0 0.735184 0.812658 0.061277 0.065823
0 0.671749 0.846835 0.070771 0.065823
0 0.193613 0.982278 0.081128 0.035443
0 0.422756 0.560759 0.057825 0.093671
0 0.628596 0.474684 0.034522 0.108861
0 0.222957 0.637342 0.034522 0.110127