1 0.118096 0.118987 0.054373 0.141772
1 0.183688 0.101899 0.057825 0.155696
1 0.251870 0.105063 0.064730 0.164557
1 0.321778 0.096203 0.061277 0.156962
1 0.394275 0.096835 0.069908 0.158228
1 0.469361 0.096835 0.064730 0.163291
1 0.546174 0.106329 0.064730 0.164557
1 0.621692 0.113291 0.074223 0.150633
1 0.693757 0.106329 0.061277 0.154430
1 0.763234 0.108861 0.072497 0.154430
1 0.833573 0.167089 0.073360 0.154430
1 0.783516 0.431013 0.099252 0.130380
1 0.525029 0.468354 0.093211 0.121519
1 0.289845 0.460759 0.100978 0.111392
1 0.101266 0.571519 0.060414 0.163291
1 0.185414 0.592405 0.073360 0.169620
1 0.257911 0.590506 0.071634 0.170886
1 0.335155 0.610127 0.070771 0.179747
1 0.405926 0.626582 0.069045 0.179747
1 0.481013 0.627848 0.065593 0.174684
1 0.556962 0.629114 0.075949 0.184810
1 0.628596 0.588608 0.067319 0.174684
1 0.708861 0.600000 0.069045 0.169620
1 0.779632 0.596203 0.072497 0.172152
1 0.850403 0.610759 0.069045 0.165823