0 0.152743 0.180380 0.070042 0.069620
0 0.221097 0.151899 0.068354 0.053165
0 0.288186 0.148101 0.067511 0.065823
0 0.445148 0.130380 0.065823 0.060759
0 0.516456 0.120886 0.068354 0.056962
0 0.586498 0.110127 0.066667 0.060759
0 0.655696 0.107595 0.080169 0.058228
0 0.724051 0.110127 0.073418 0.048101
0 0.794937 0.094304 0.063291 0.062025
0 0.871308 0.141139 0.067511 0.051899
0 0.367511 0.546835 0.032068 0.116456
0 0.597046 0.524684 0.047257 0.120253
0 0.853586 0.440506 0.027004 0.124051
0 0.918143 0.572152 0.064979 0.055696
0 0.840506 0.568987 0.064979 0.072152
0 0.773418 0.588608 0.072574 0.078481
0 0.689451 0.587342 0.066667 0.060759
0 0.621097 0.633544 0.070042 0.069620
0 0.542616 0.644304 0.071730 0.065823
0 0.475105 0.654430 0.064979 0.070886
0 0.396203 0.648734 0.065823 0.064557
0 0.320675 0.641139 0.066667 0.074684
0 0.246835 0.651266 0.065823 0.062025
0 0.158228 0.677848 0.065823 0.059494
1 0.367511 0.174051 0.064135 0.158228