0 0.189298 0.458228 0.065593 0.088608
0 0.252733 0.439241 0.064730 0.078481
0 0.320052 0.429747 0.066456 0.077215
0 0.385644 0.424051 0.068182 0.070886
0 0.452532 0.424684 0.065593 0.074684
0 0.515535 0.426582 0.065593 0.073418
0 0.577675 0.412658 0.063867 0.081013
0 0.644131 0.413924 0.058688 0.083544
0 0.707566 0.415823 0.054373 0.089873
0 0.766254 0.425949 0.063003 0.079747
0 0.841341 0.424684 0.056099 0.102532
0 0.865938 0.859494 0.044879 0.063291
0 0.800777 0.872152 0.057825 0.068354
0 0.207422 0.886076 0.065593 0.078481
0 0.259638 0.534810 0.040564 0.110127
0 0.472382 0.533544 0.046605 0.125316
0 0.677791 0.511392 0.041427 0.106329