0 0.153165 0.170253 0.064135 0.059494
0 0.222363 0.145570 0.069198 0.055696
0 0.294093 0.139241 0.067511 0.063291
0 0.367511 0.127848 0.072574 0.063291
0 0.440506 0.117089 0.068354 0.062025
0 0.514768 0.108228 0.068354 0.059494
0 0.591139 0.103797 0.067511 0.055696
0 0.663291 0.112025 0.068354 0.059494
0 0.731224 0.096835 0.065823 0.054430
0 0.802110 0.089873 0.070886 0.060759
0 0.873840 0.137975 0.065823 0.055696
0 0.857806 0.434177 0.032068 0.129114
0 0.597046 0.522785 0.038819 0.121519
0 0.376371 0.531013 0.041350 0.112658
0 0.324051 0.636709 0.064979 0.058228
0 0.248523 0.652532 0.069198 0.059494
0 0.163713 0.667722 0.064979 0.044304
0 0.401688 0.643671 0.076793 0.059494
0 0.549367 0.646835 0.073418 0.055696
0 0.625738 0.632278 0.077637 0.054430
0 0.692827 0.587975 0.073418 0.072152
0 0.775105 0.585443 0.069198 0.069620
0 0.844726 0.567089 0.064979 0.063291
0 0.916034 0.572785 0.069198 0.054430
1 0.476793 0.694304 0.066667 0.168354