1 0.109896 0.216456 0.065593 0.149367
1 0.179804 0.189241 0.065593 0.150633
1 0.247986 0.177848 0.067319 0.153165
1 0.320052 0.156329 0.075086 0.150633
1 0.390823 0.143671 0.073360 0.150633
1 0.462025 0.122152 0.074223 0.163291
1 0.542290 0.118987 0.077675 0.144304
1 0.619534 0.110759 0.073360 0.143038
1 0.687284 0.094937 0.070771 0.134177
1 0.751151 0.084177 0.079402 0.140506
1 0.830121 0.117722 0.075086 0.151899
1 0.800345 0.394937 0.094937 0.131646
1 0.539701 0.494304 0.105293 0.107595
1 0.313147 0.524051 0.100978 0.116456
1 0.121116 0.679114 0.063867 0.155696
1 0.214758 0.677848 0.078539 0.163291
1 0.287255 0.657595 0.073360 0.160759
1 0.367089 0.660759 0.075949 0.159494
1 0.442606 0.664557 0.075086 0.172152
1 0.513809 0.654430 0.082854 0.172152
1 0.586738 0.636709 0.063003 0.174684
1 0.657940 0.581646 0.079402 0.155696
1 0.737773 0.575316 0.073360 0.163291
1 0.807681 0.557595 0.076812 0.160759
1 0.880610 0.553165 0.069045 0.162025