0 0.156962 0.168354 0.058228 0.050633
0 0.222785 0.147468 0.059916 0.059494
0 0.292827 0.142405 0.066667 0.072152
0 0.368776 0.128481 0.070042 0.056962
0 0.441772 0.114557 0.067511 0.062025
0 0.515612 0.106329 0.076793 0.070886
0 0.590295 0.107595 0.069198 0.065823
0 0.663291 0.110127 0.070042 0.063291
0 0.726160 0.096835 0.070886 0.064557
0 0.797890 0.088608 0.064135 0.073418
0 0.872574 0.139873 0.070042 0.077215
0 0.858228 0.432278 0.037975 0.132911
0 0.916878 0.565823 0.070886 0.060759
0 0.845570 0.563291 0.071730 0.065823
0 0.774684 0.590506 0.068354 0.062025
0 0.601688 0.519620 0.034599 0.125316
0 0.696203 0.588608 0.068354 0.070886
0 0.622363 0.630380 0.069198 0.068354
0 0.479325 0.655063 0.073418 0.059494
0 0.405907 0.648101 0.071730 0.053165
0 0.378903 0.534177 0.027848 0.126582
0 0.323207 0.632278 0.071730 0.054430
0 0.251899 0.646835 0.072574 0.055696
0 0.164135 0.666456 0.069198 0.049367
1 0.550633 0.681013 0.079325 0.172152