0 0.156962 0.165823 0.064979 0.065823
0 0.225316 0.147468 0.056540 0.059494
0 0.297046 0.132278 0.063291 0.072152
0 0.367932 0.127215 0.068354 0.067089
0 0.440084 0.114557 0.064135 0.069620
0 0.513924 0.101266 0.071730 0.060759
0 0.591983 0.099367 0.069198 0.077215
0 0.665823 0.105063 0.066667 0.068354
0 0.730802 0.093038 0.064979 0.067089
0 0.803797 0.088608 0.067511 0.068354
0 0.871730 0.132278 0.061603 0.074684
0 0.857806 0.431013 0.033755 0.127848
0 0.600422 0.512658 0.042194 0.124051
0 0.379325 0.528481 0.033755 0.125316
0 0.164979 0.663924 0.067511 0.054430
0 0.249789 0.651899 0.068354 0.060759
0 0.323207 0.628481 0.071730 0.059494
0 0.407173 0.643671 0.081013 0.056962
0 0.478903 0.650000 0.069198 0.054430
0 0.550211 0.642405 0.063291 0.059494
0 0.620253 0.636709 0.075105 0.053165
0 0.696624 0.577215 0.074262 0.068354
0 0.772574 0.575949 0.065823 0.073418
0 0.846414 0.577848 0.071730 0.059494
1 0.919409 0.608861 0.074262 0.167089