0 0.154008 0.168354 0.065823 0.060759
0 0.227426 0.140506 0.065823 0.055696
0 0.293249 0.133544 0.064135 0.064557
0 0.372574 0.127215 0.072574 0.064557
0 0.445148 0.113924 0.070886 0.055696
0 0.516034 0.115190 0.067511 0.070886
0 0.594515 0.113291 0.069198 0.069620
0 0.731224 0.105063 0.067511 0.060759
0 0.799156 0.094304 0.073418 0.044304
0 0.873840 0.143038 0.065823 0.048101
0 0.859072 0.440506 0.039662 0.134177
0 0.600844 0.518354 0.043038 0.122785
0 0.373418 0.534177 0.035443 0.118987
0 0.324895 0.640506 0.076793 0.065823
0 0.248945 0.642405 0.071730 0.064557
0 0.159916 0.668987 0.064135 0.056962
0 0.401266 0.641772 0.070886 0.068354
0 0.476793 0.656962 0.073418 0.060759
0 0.549367 0.650633 0.073418 0.058228
0 0.622363 0.637975 0.072574 0.065823
0 0.691983 0.589241 0.070042 0.067089
0 0.776793 0.589241 0.067511 0.067089
0 0.845992 0.576582 0.070886 0.056962
0 0.917722 0.577215 0.072574 0.053165
1 0.667089 0.151266 0.077637 0.155696