0 0.571634 0.236709 0.062140 0.073418
0 0.722238 0.427215 0.068182 0.097468
0 0.776180 0.500000 0.077675 0.075949
0 0.619102 0.291139 0.069045 0.086076
0 0.667865 0.355063 0.059551 0.079747
0 0.818470 0.596835 0.072497 0.079747
0 0.707998 0.534810 0.058688 0.105063
0 0.680811 0.956962 0.069908 0.078481
0 0.632480 0.893038 0.066456 0.067089
0 0.543585 0.316456 0.056099 0.098734
0 0.519419 0.151899 0.063003 0.078481
0 0.469361 0.090506 0.056099 0.059494
0 0.381329 0.089241 0.047468 0.089873
0 0.408947 0.027848 0.064730 0.053165