0 0.224473 0.140506 0.064979 0.060759
0 0.296203 0.137342 0.063291 0.062025
0 0.365823 0.115823 0.065823 0.049367
0 0.445992 0.113924 0.064135 0.060759
0 0.518987 0.112658 0.059916 0.058228
0 0.591983 0.106962 0.059072 0.059494
0 0.660759 0.103797 0.068354 0.053165
0 0.730802 0.102532 0.071730 0.053165
0 0.802532 0.094304 0.064979 0.054430
0 0.872574 0.129114 0.064979 0.050633
0 0.855274 0.432278 0.028692 0.120253
0 0.596624 0.515190 0.037975 0.124051
0 0.370886 0.524684 0.040506 0.120253
0 0.399156 0.628481 0.073418 0.049367
0 0.320675 0.629114 0.073418 0.058228
0 0.247257 0.641772 0.068354 0.065823
0 0.164979 0.660127 0.069198 0.059494
0 0.474262 0.648101 0.073418 0.060759
0 0.548101 0.644937 0.069198 0.062025
0 0.622363 0.631646 0.067511 0.058228
0 0.694093 0.579114 0.059072 0.062025
0 0.769620 0.585443 0.078481 0.074684
0 0.844726 0.565823 0.063291 0.063291
0 0.913080 0.571519 0.064979 0.049367
1 0.152321 0.199367 0.072574 0.153165