0 0.153165 0.170253 0.065823 0.059494
0 0.221519 0.149367 0.065823 0.053165
0 0.293671 0.141772 0.068354 0.070886
0 0.367089 0.129114 0.071730 0.050633
0 0.439662 0.120886 0.070042 0.059494
0 0.513080 0.106329 0.075105 0.065823
0 0.589451 0.106329 0.069198 0.065823
0 0.663291 0.112025 0.061603 0.064557
0 0.729536 0.096203 0.064135 0.063291
0 0.800422 0.093671 0.067511 0.060759
0 0.871730 0.138608 0.066667 0.074684
0 0.379747 0.525949 0.046414 0.117722
0 0.600000 0.518354 0.046414 0.117722
0 0.856540 0.436076 0.037975 0.125316
0 0.915612 0.573418 0.070042 0.055696
0 0.845570 0.570253 0.068354 0.062025
0 0.772152 0.584177 0.070042 0.074684
0 0.619409 0.637342 0.070042 0.072152
0 0.544726 0.642405 0.067511 0.074684
0 0.477637 0.649367 0.066667 0.065823
0 0.403797 0.643671 0.074262 0.067089
0 0.324473 0.631013 0.067511 0.064557
0 0.248101 0.650633 0.071730 0.055696
0 0.163291 0.667722 0.069198 0.054430
1 0.697468 0.620886 0.075949 0.168354