1 0.170464 0.112025 0.054852 0.155696
1 0.225316 0.109494 0.058228 0.145570
1 0.293249 0.096835 0.069198 0.145570
1 0.367511 0.086076 0.065823 0.151899
1 0.441772 0.081646 0.072574 0.153165
1 0.512658 0.080380 0.067511 0.130380
1 0.575527 0.084810 0.059916 0.139241
1 0.639662 0.087975 0.064979 0.150633
1 0.714346 0.092405 0.065823 0.149367
1 0.850633 0.122152 0.070042 0.143038
1 0.815612 0.456962 0.101266 0.101266
1 0.561181 0.435443 0.105485 0.113924
1 0.329958 0.458228 0.098734 0.101266
1 0.244726 0.567089 0.064979 0.174684
1 0.162869 0.577848 0.066667 0.153165
1 0.319831 0.594937 0.070042 0.174684
1 0.395781 0.590506 0.063291 0.165823
1 0.467089 0.598734 0.062447 0.172152
1 0.538397 0.595570 0.071730 0.173418
1 0.612236 0.588608 0.069198 0.172152
1 0.681013 0.596835 0.070042 0.160759
1 0.756540 0.589241 0.060759 0.153165
1 0.826160 0.589241 0.066667 0.150633
1 0.901266 0.564557 0.068354 0.174684