0 0.724827 0.493671 0.050921 0.081013
0 0.390823 0.044304 0.056099 0.063291
0 0.364068 0.122152 0.040564 0.087342
0 0.444764 0.093671 0.051784 0.060759
0 0.511220 0.154430 0.065593 0.070886
0 0.565161 0.220253 0.066456 0.075949
0 0.616945 0.272152 0.073360 0.073418
0 0.675201 0.324051 0.065593 0.075949
0 0.730006 0.383544 0.063003 0.083544
0 0.784379 0.437975 0.068182 0.073418
0 0.837457 0.513291 0.062140 0.079747
0 0.780926 0.957595 0.052647 0.082278
0 0.719217 0.918354 0.058688 0.089873
0 0.665276 0.863291 0.044016 0.086076
0 0.534091 0.312658 0.052647 0.116456
0 0.441312 0.015190 0.000000 0.002532