0 0.150633 0.166456 0.067511 0.059494
0 0.226160 0.146835 0.066667 0.048101
0 0.294515 0.139241 0.063291 0.065823
0 0.370042 0.130380 0.067511 0.060759
0 0.441350 0.119620 0.064979 0.056962
0 0.514768 0.116456 0.066667 0.065823
0 0.591139 0.113924 0.064135 0.060759
0 0.661181 0.116456 0.070886 0.053165
0 0.800844 0.098101 0.068354 0.049367
0 0.878903 0.142405 0.064135 0.059494
0 0.858650 0.437975 0.040506 0.118987
0 0.596203 0.520886 0.048945 0.120253
0 0.374684 0.529747 0.041350 0.110127
0 0.404641 0.645570 0.072574 0.068354
0 0.326160 0.636076 0.072574 0.054430
0 0.248523 0.644937 0.072574 0.067089
0 0.161603 0.667089 0.069198 0.060759
0 0.472574 0.661392 0.078481 0.062025
0 0.549367 0.648734 0.075105 0.056962
0 0.620253 0.641139 0.061603 0.059494
0 0.689451 0.588608 0.073418 0.058228
0 0.773840 0.598734 0.071730 0.070886
0 0.845148 0.576582 0.070886 0.059494
0 0.918143 0.575316 0.066667 0.067089
1 0.735021 0.138608 0.076793 0.143038