1 0.170464 0.209494 0.049789 0.150633
1 0.226582 0.196203 0.067511 0.124051
1 0.297468 0.189241 0.072574 0.132911
1 0.371308 0.191772 0.068354 0.135443
1 0.445570 0.175949 0.070042 0.131646
1 0.579325 0.169620 0.057384 0.146835
1 0.512658 0.166456 0.060759 0.130380
1 0.645992 0.180380 0.059072 0.158228
1 0.715612 0.175949 0.061603 0.124051
1 0.856118 0.222785 0.077637 0.149367
1 0.794937 0.165823 0.064979 0.144304
1 0.567089 0.532911 0.095359 0.113924
1 0.334599 0.548734 0.091139 0.107595
1 0.820253 0.534810 0.086920 0.122785
1 0.903376 0.653165 0.069198 0.146835
1 0.831646 0.671519 0.070886 0.165823
1 0.759072 0.695570 0.075949 0.165823
1 0.682700 0.653797 0.066667 0.150633
1 0.611814 0.678481 0.080169 0.151899
1 0.541772 0.689873 0.075105 0.172152
1 0.470886 0.698101 0.070042 0.170886
1 0.394515 0.681013 0.062447 0.169620
1 0.323629 0.687342 0.062447 0.167089
1 0.245992 0.658228 0.065823 0.177215
1 0.168776 0.662658 0.068354 0.143038