0 0.282077 0.525949 0.088895 0.110127
0 0.490938 0.529114 0.085443 0.111392
0 0.704114 0.515190 0.085443 0.103797
0 0.188435 0.453797 0.060414 0.064557
0 0.251007 0.436076 0.059551 0.062025
0 0.318757 0.434177 0.060414 0.075949
0 0.383487 0.427848 0.062140 0.070886
0 0.451669 0.421519 0.060414 0.073418
0 0.515967 0.425949 0.059551 0.067089
0 0.578539 0.420253 0.056962 0.065823
0 0.642837 0.416456 0.063003 0.070886
0 0.704545 0.420886 0.056962 0.074684
0 0.775748 0.434177 0.066456 0.073418
0 0.842204 0.420253 0.052647 0.073418
0 0.862486 0.858228 0.053510 0.068354
0 0.800345 0.877848 0.056962 0.079747
0 0.736910 0.881646 0.052647 0.062025
0 0.670455 0.885443 0.059551 0.039241
0 0.414125 0.912658 0.054373 0.055696
0 0.348533 0.904430 0.052647 0.054430
0 0.207422 0.882278 0.067319 0.053165