0 0.152743 0.166456 0.064979 0.051899
0 0.225316 0.143038 0.066667 0.050633
0 0.292405 0.139241 0.070886 0.060759
0 0.365823 0.126582 0.069198 0.053165
0 0.438397 0.120886 0.072574 0.062025
0 0.513924 0.110759 0.070042 0.067089
0 0.591139 0.105696 0.065823 0.074684
0 0.663291 0.111392 0.075105 0.070886
0 0.729536 0.101899 0.069198 0.056962
0 0.800844 0.091772 0.066667 0.062025
0 0.875105 0.143671 0.071730 0.074684
0 0.855696 0.435443 0.037975 0.121519
0 0.599156 0.517722 0.044726 0.116456
0 0.371730 0.539241 0.042194 0.116456
0 0.327426 0.637342 0.066667 0.056962
0 0.163291 0.668354 0.067511 0.053165
0 0.402110 0.634177 0.074262 0.055696
0 0.472152 0.649367 0.081013 0.053165
0 0.551477 0.646203 0.060759 0.046835
0 0.627426 0.639241 0.064135 0.065823
0 0.696624 0.582278 0.064135 0.065823
0 0.772152 0.590506 0.066667 0.069620
0 0.849789 0.569620 0.064979 0.063291
0 0.916034 0.568354 0.065823 0.063291
1 0.249367 0.684177 0.072574 0.165823