0 0.165564 0.436709 0.056099 0.070886
0 0.228567 0.427848 0.054373 0.068354
0 0.294591 0.422152 0.065593 0.064557
0 0.359321 0.428481 0.056962 0.072152
0 0.422325 0.432911 0.067319 0.073418
0 0.491369 0.431013 0.063867 0.069620
0 0.553941 0.435443 0.056099 0.083544
0 0.617808 0.433544 0.066456 0.077215
0 0.682969 0.438608 0.056962 0.067089
0 0.749425 0.460127 0.065593 0.074684
0 0.823216 0.449367 0.063003 0.081013
0 0.645426 0.527215 0.030207 0.122785
0 0.439586 0.518987 0.044879 0.141772
0 0.230293 0.519620 0.044016 0.105063
0 0.170742 0.853165 0.056099 0.055696
0 0.639384 0.910127 0.059551 0.070886
0 0.706272 0.908861 0.063867 0.083544
0 0.768843 0.909494 0.063003 0.079747
0 0.830984 0.894937 0.054373 0.081013