0 0.156962 0.163291 0.068354 0.053165
0 0.227426 0.146835 0.060759 0.060759
0 0.293249 0.140506 0.065823 0.063291
0 0.370464 0.126582 0.071730 0.058228
0 0.521941 0.108861 0.069198 0.068354
0 0.594515 0.105063 0.062447 0.060759
0 0.661603 0.108861 0.071730 0.060759
0 0.729114 0.108228 0.073418 0.049367
0 0.808017 0.095570 0.059072 0.054430
0 0.878481 0.139873 0.070042 0.051899
0 0.857806 0.440506 0.030380 0.129114
0 0.597468 0.523418 0.039662 0.120253
0 0.372574 0.534177 0.038819 0.111392
0 0.404219 0.644937 0.076793 0.049367
0 0.326582 0.636076 0.073418 0.062025
0 0.248523 0.645570 0.064135 0.065823
0 0.162025 0.672785 0.059916 0.064557
0 0.477215 0.656329 0.077637 0.062025
0 0.548101 0.649367 0.065823 0.055696
0 0.620675 0.634810 0.074262 0.059494
0 0.695781 0.588608 0.075949 0.068354
0 0.769198 0.595570 0.069198 0.072152
0 0.845570 0.572785 0.070042 0.062025
0 0.920253 0.580380 0.067511 0.059494
1 0.448523 0.166456 0.065823 0.150633