0 0.181962 0.426582 0.047468 0.068354
0 0.244534 0.411392 0.055236 0.065823
0 0.314442 0.420253 0.067319 0.073418
0 0.241082 0.502532 0.039701 0.113924
0 0.453395 0.550000 0.039701 0.120253
0 0.663119 0.564557 0.037975 0.118987
0 0.374856 0.429114 0.056962 0.081013
0 0.442175 0.436709 0.058688 0.070886
0 0.505610 0.444937 0.054373 0.072152
0 0.568182 0.450000 0.050058 0.074684
0 0.632480 0.456329 0.057825 0.069620
0 0.694189 0.470886 0.051784 0.075949
0 0.758918 0.499367 0.055236 0.082278
0 0.831847 0.503165 0.045742 0.067089
0 0.834005 0.942405 0.048331 0.082278
0 0.767549 0.953165 0.051784 0.075949
0 0.701956 0.950000 0.055236 0.062025
0 0.637658 0.935443 0.054373 0.048101
0 0.172900 0.837975 0.055236 0.065823
0 0.241082 0.865190 0.051784 0.064557