0 0.187140 0.463924 0.052647 0.072152
0 0.250575 0.439241 0.060414 0.065823
0 0.318757 0.430380 0.058688 0.083544
0 0.385644 0.432911 0.061277 0.070886
0 0.449511 0.433544 0.064730 0.069620
0 0.515104 0.430380 0.059551 0.068354
0 0.577244 0.427848 0.056099 0.083544
0 0.643268 0.418354 0.056962 0.077215
0 0.706272 0.422785 0.055236 0.091139
0 0.771001 0.436076 0.063867 0.084810
0 0.838320 0.421519 0.050058 0.081013
0 0.203539 0.881013 0.075086 0.048101
0 0.738636 0.894304 0.057825 0.072152
0 0.796461 0.880380 0.063003 0.077215
0 0.858170 0.865190 0.053510 0.087342
0 0.256617 0.532278 0.039701 0.107595
0 0.465046 0.534177 0.045742 0.101266
0 0.681243 0.515823 0.041427 0.100000