0 0.155696 0.165823 0.057384 0.065823
0 0.222785 0.150633 0.066667 0.053165
0 0.293671 0.141139 0.076793 0.064557
0 0.366245 0.126582 0.068354 0.065823
0 0.444726 0.117722 0.071730 0.050633
0 0.515190 0.112025 0.060759 0.064557
0 0.662869 0.106962 0.067511 0.056962
0 0.731224 0.103165 0.065823 0.051899
0 0.800844 0.096203 0.058228 0.063291
0 0.875949 0.141772 0.064979 0.068354
0 0.856962 0.442405 0.035443 0.117722
0 0.600422 0.520253 0.037131 0.121519
0 0.375105 0.536709 0.038819 0.118987
0 0.160338 0.662658 0.068354 0.064557
0 0.251055 0.645570 0.077637 0.065823
0 0.326582 0.636076 0.071730 0.062025
0 0.402110 0.643038 0.067511 0.053165
0 0.476371 0.655696 0.065823 0.065823
0 0.548523 0.641772 0.064979 0.055696
0 0.623629 0.632911 0.076793 0.058228
0 0.695781 0.586709 0.069198 0.059494
0 0.771730 0.586076 0.070886 0.073418
0 0.845992 0.576582 0.065823 0.056962
0 0.914768 0.575316 0.068354 0.064557
1 0.587764 0.144937 0.075949 0.165823