0 0.186709 0.465823 0.053510 0.073418
0 0.251438 0.440506 0.062140 0.083544
0 0.318757 0.434810 0.060414 0.069620
0 0.386939 0.429747 0.060414 0.079747
0 0.449511 0.433544 0.063003 0.062025
0 0.515535 0.426582 0.060414 0.083544
0 0.577675 0.417089 0.058688 0.087342
0 0.643268 0.421519 0.051784 0.083544
0 0.707135 0.427215 0.060414 0.077215
0 0.769707 0.439873 0.063003 0.069620
0 0.843067 0.427215 0.045742 0.079747
0 0.682537 0.512025 0.042290 0.107595
0 0.472814 0.531013 0.033659 0.105063
0 0.253165 0.539873 0.044879 0.102532
0 0.207422 0.875949 0.074223 0.053165
0 0.677359 0.901266 0.059551 0.070886
0 0.738636 0.892405 0.056099 0.078481
0 0.796893 0.884177 0.058688 0.072152
0 0.858602 0.862025 0.050921 0.101266