1 0.175105 0.196203 0.054008 0.154430
1 0.227004 0.185443 0.059916 0.153165
1 0.295359 0.180380 0.064979 0.153165
1 0.369198 0.171519 0.065823 0.155696
1 0.445992 0.166456 0.074262 0.153165
1 0.519409 0.156329 0.072574 0.148101
1 0.582700 0.174051 0.060759 0.150633
1 0.650633 0.176582 0.066667 0.143038
1 0.721941 0.172152 0.072574 0.141772
1 0.805063 0.167722 0.068354 0.150633
1 0.869620 0.201266 0.070886 0.159494
1 0.567089 0.532911 0.095359 0.113924
1 0.330802 0.550633 0.097046 0.106329
1 0.820675 0.532911 0.091139 0.113924
1 0.903797 0.659494 0.068354 0.159494
1 0.827848 0.678481 0.070042 0.154430
1 0.757806 0.694937 0.068354 0.169620
1 0.681013 0.654430 0.070042 0.159494
1 0.612658 0.689241 0.059916 0.170886
1 0.538397 0.693038 0.064979 0.170886
1 0.471730 0.696835 0.068354 0.165823
1 0.398734 0.684810 0.064135 0.167089
1 0.322785 0.679747 0.067511 0.172152
1 0.247257 0.660127 0.059916 0.168354
1 0.170886 0.668354 0.062447 0.151899