1 0.116801 0.113924 0.058688 0.146835
1 0.184551 0.103797 0.056099 0.146835
1 0.251870 0.098734 0.061277 0.154430
1 0.321778 0.098734 0.063003 0.151899
1 0.393843 0.096835 0.060414 0.150633
1 0.467635 0.094304 0.068182 0.155696
1 0.545742 0.105063 0.060414 0.159494
1 0.621260 0.106329 0.069908 0.149367
1 0.691168 0.105696 0.071634 0.153165
1 0.761939 0.110759 0.071634 0.155696
1 0.835731 0.162658 0.067319 0.150633
1 0.783516 0.429747 0.095800 0.120253
1 0.518556 0.468987 0.102704 0.122785
1 0.293297 0.462658 0.102704 0.105063
1 0.101697 0.572785 0.064730 0.160759
1 0.185846 0.590506 0.065593 0.178481
1 0.258343 0.587975 0.070771 0.170886
1 0.333429 0.605696 0.067319 0.181013
1 0.407221 0.627215 0.063003 0.178481
1 0.481876 0.625949 0.067319 0.181013
1 0.556099 0.634177 0.070771 0.172152
1 0.631617 0.585443 0.068182 0.163291
1 0.705840 0.601266 0.073360 0.169620
1 0.781358 0.597468 0.069045 0.169620
1 0.855581 0.607595 0.077675 0.179747