0 0.149789 0.175949 0.064135 0.060759
0 0.221941 0.151899 0.066667 0.055696
0 0.365401 0.131013 0.064979 0.064557
0 0.446835 0.125949 0.069198 0.059494
0 0.515190 0.124051 0.059072 0.058228
0 0.589873 0.113924 0.068354 0.060759
0 0.657806 0.114557 0.065823 0.059494
0 0.722363 0.110759 0.063291 0.049367
0 0.793671 0.096835 0.069198 0.056962
0 0.873840 0.141772 0.054008 0.050633
0 0.371308 0.539873 0.037975 0.122785
0 0.597890 0.518987 0.040506 0.126582
0 0.856118 0.441772 0.035443 0.124051
0 0.914768 0.570253 0.068354 0.062025
0 0.842616 0.570886 0.067511 0.068354
0 0.767511 0.591139 0.075949 0.060759
0 0.686076 0.584177 0.070042 0.072152
0 0.620253 0.633544 0.068354 0.064557
0 0.546835 0.643671 0.075105 0.067089
0 0.473418 0.653165 0.068354 0.068354
0 0.399578 0.646203 0.072574 0.059494
0 0.321941 0.640506 0.069198 0.068354
0 0.245992 0.655696 0.072574 0.058228
0 0.158650 0.671519 0.063291 0.056962
1 0.293671 0.186709 0.070042 0.160759