0 0.244534 0.187975 0.058688 0.074684
0 0.299770 0.171519 0.072497 0.077215
0 0.358890 0.142405 0.066456 0.077215
0 0.419735 0.132911 0.065593 0.078481
0 0.479287 0.119620 0.060414 0.064557
0 0.544448 0.118354 0.063003 0.064557
0 0.607451 0.111392 0.059551 0.063291
0 0.674770 0.100000 0.069908 0.065823
0 0.738205 0.093671 0.069045 0.060759
0 0.806387 0.088608 0.069045 0.055696
0 0.861191 0.101266 0.047468 0.060759
0 0.835731 0.438608 0.048331 0.100000
0 0.632911 0.472785 0.053510 0.112658
0 0.418441 0.505696 0.054373 0.105063
0 0.258343 0.636709 0.058688 0.060759
0 0.332998 0.600633 0.066456 0.079747
0 0.399022 0.604430 0.072497 0.082278
0 0.463751 0.595570 0.072497 0.074684
0 0.531933 0.622785 0.074223 0.146835
0 0.592779 0.576582 0.073360 0.087342
0 0.653193 0.572785 0.066456 0.087342
0 0.726122 0.556962 0.069045 0.088608
0 0.792146 0.548101 0.066456 0.075949
0 0.857307 0.532911 0.069045 0.073418
0 0.916427 0.498734 0.071634 0.093671