0 0.275604 0.537342 0.046605 0.105063
0 0.503884 0.528481 0.052647 0.110127
0 0.739931 0.541139 0.055236 0.130380
1 0.106444 0.190506 0.051784 0.150633
1 0.151755 0.184177 0.045742 0.155696
1 0.210875 0.175316 0.069045 0.153165
1 0.281214 0.185443 0.071634 0.153165
1 0.353280 0.179114 0.067319 0.150633
1 0.423188 0.168987 0.075949 0.158228
1 0.500863 0.163924 0.069045 0.150633
1 0.574223 0.167722 0.072497 0.153165
1 0.648878 0.170253 0.068182 0.155696
1 0.723101 0.174684 0.069908 0.164557
1 0.796030 0.213924 0.072497 0.159494
1 0.827963 0.693671 0.070771 0.167089
1 0.750288 0.700633 0.070771 0.160759
1 0.676496 0.701266 0.073360 0.174684
1 0.600115 0.693038 0.077675 0.170886
1 0.527618 0.690506 0.070771 0.165823
1 0.456847 0.689241 0.069045 0.160759
1 0.383487 0.684177 0.070771 0.165823
1 0.317894 0.682278 0.074223 0.164557
1 0.242808 0.675949 0.058688 0.172152
1 0.173331 0.643038 0.064730 0.162025
1 0.085731 0.658228 0.075949 0.162025