0 0.260932 0.562658 0.050058 0.100000
0 0.491801 0.505063 0.057825 0.124051
0 0.718786 0.471519 0.057825 0.117722
1 0.815880 0.594304 0.067319 0.165823
1 0.739499 0.627215 0.081991 0.168354
1 0.662687 0.638608 0.083717 0.168354
1 0.592779 0.649367 0.081991 0.167089
1 0.523734 0.659494 0.075086 0.156962
1 0.446922 0.673418 0.080265 0.167089
1 0.378740 0.684177 0.068182 0.170886
1 0.312716 0.688608 0.074223 0.179747
1 0.237629 0.691139 0.069045 0.156962
1 0.165564 0.686709 0.068182 0.175949
1 0.074511 0.715190 0.088032 0.139241
1 0.066743 0.244937 0.056962 0.135443
1 0.105150 0.238608 0.047468 0.150633
1 0.172468 0.231646 0.075086 0.159494
1 0.237198 0.217722 0.063003 0.177215
1 0.307537 0.189241 0.058688 0.150633
1 0.380035 0.168354 0.086306 0.154430
1 0.455121 0.141139 0.075949 0.153165
1 0.531070 0.134810 0.079402 0.135443
1 0.606588 0.126582 0.081991 0.126582
1 0.677791 0.102532 0.075949 0.154430
1 0.754171 0.134810 0.078539 0.140506