0 0.155274 0.170886 0.068354 0.050633
0 0.224051 0.148734 0.060759 0.059494
0 0.292827 0.138608 0.070042 0.072152
0 0.368776 0.128481 0.071730 0.059494
0 0.442194 0.118354 0.070042 0.062025
0 0.513502 0.112025 0.075949 0.064557
0 0.590717 0.104430 0.071730 0.056962
0 0.659916 0.113291 0.070042 0.051899
0 0.728692 0.103165 0.069198 0.056962
0 0.800422 0.096835 0.072574 0.056962
0 0.875105 0.139873 0.068354 0.062025
0 0.856962 0.435443 0.028692 0.131646
0 0.597046 0.520253 0.040506 0.118987
0 0.377637 0.531013 0.038819 0.112658
0 0.478059 0.655063 0.079325 0.049367
0 0.324473 0.634177 0.074262 0.053165
0 0.250211 0.650633 0.065823 0.063291
0 0.162447 0.665823 0.059072 0.050633
0 0.545992 0.641772 0.068354 0.058228
0 0.620675 0.626582 0.069198 0.053165
0 0.697046 0.581646 0.073418 0.059494
0 0.773840 0.585443 0.070042 0.077215
0 0.842616 0.574051 0.072574 0.062025
0 0.914768 0.574684 0.073418 0.060759
1 0.404641 0.682278 0.065823 0.167089